 148 136 145 150 143 135 129 123 137 136 126 118 118 122 136 101
 239 237 240 238 240 240 240 239 238 238 237 238 239 238 237 155
 239 240 239 239 239 240 239 239 237 239 239 237 237 236 236 144
 241 239 239 242 241 239 241 240 238 238 236 236 236 235 235 142
 239 238 240 238 240 240 240 239 238 238 237 236 235 237 236 143
 237 238 239 239 239 239 238 237 237 236 238 237 235 237 234 147
 236 236 239 240 240 237 236 235 237 235 238 238 236 238 235 150
 128 168 171 240 236 151 228 160 229 165 149 148 177 173 173 152
 124 137 146 238 214 147 169 150 184 135 210 157 205 157 204 157
 157 230 135 200 176 177 165 161 172 133 212 152 185 210 128 162
 231 234 211 191 210 233 218 213 234 191 229 213 232 171 186 165
 235 234 234 233 234 233 233 234 233 234 234 233 231 233 231 170
 233 233 233 233 234 233 233 233 233 233 232 231 231 232 231 174
 232 231 231 232 231 232 233 233 232 231 230 230 231 230 228 174
 229 230 231 231 230 230 231 230 230 229 228 228 226 227 225 177
 228 231 231 229 229 228 229 227 227 225 225 224 225 224 222 177
 151 138 144 152 148 138 131 125 140 138 129 119 119 126 138 104
 243 243 244 243 244 244 245 241 243 242 240 242 242 240 242 160
 244 243 244 244 244 244 243 242 242 243 243 242 242 241 241 149
 244 244 243 243 243 241 244 242 242 243 241 241 242 240 239 148
 243 243 245 244 244 243 244 242 241 242 241 240 240 239 239 148
 243 242 244 243 243 243 242 240 241 239 241 240 238 239 238 153
 242 240 241 243 242 240 241 240 241 240 239 241 240 239 238 154
 130 169 167 240 241 152 229 160 231 165 148 146 177 170 174 155
 126 138 144 241 218 148 168 151 184 132 214 155 207 157 206 161
 159 235 139 201 180 181 167 158 177 129 215 153 188 212 130 162
 234 239 216 195 214 238 222 213 237 195 232 216 236 172 187 168
 238 237 237 238 238 237 238 237 237 237 236 236 235 235 234 174
 237 237 237 237 237 237 236 236 235 236 235 234 235 233 231 176
 236 235 235 235 236 236 236 236 234 234 233 234 232 232 231 176
 235 236 237 235 234 232 233 233 234 232 233 232 230 230 227 181
 233 234 235 233 234 233 232 231 232 230 231 229 229 227 226 181
 160 147 152 160 155 145 139 132 149 145 137 130 130 134 148 112
 247 248 251 247 247 249 250 249 249 244 247 247 248 247 247 166
 248 249 248 249 250 250 250 250 248 247 250 248 248 247 246 154
 249 248 246 250 250 247 249 250 249 247 247 247 248 248 246 154
 248 248 249 247 249 249 250 249 249 248 248 246 246 246 246 154
 245 249 250 248 249 248 247 246 247 246 249 246 246 247 244 159
 244 246 246 249 249 246 247 246 247 248 247 246 246 247 245 161
 138 176 175 245 246 160 236 167 237 173 157 155 184 181 181 162
 133 146 153 247 225 157 177 160 189 142 220 165 214 165 212 168
 167 240 146 209 187 188 175 166 184 142 222 164 194 217 137 169
 241 245 222 202 221 245 228 220 245 203 239 221 242 180 194 175
 245 244 243 243 245 245 244 244 245 244 245 241 241 242 239 179
 244 242 241 243 244 244 243 243 244 243 242 241 241 241 240 183
 241 240 242 240 241 243 242 243 241 240 240 239 239 238 237 183
 240 239 243 240 240 241 242 240 239 238 239 238 234 234 234 186
 238 240 242 240 240 240 240 239 237 236 236 233 234 233 233 189

 101 155 144 142 143 147 150 152 157 162 165 170 174 174 177 177
 136 237 236 235 236 234 235 173 204 128 186 231 231 228 225 222
 122 238 236 235 237 237 238 173 157 210 171 233 232 230 227 224
 118 239 237 236 235 235 236 177 205 185 232 231 231 231 226 225
 118 238 237 236 236 237 238 148 157 152 213 233 231 230 228 224
 126 237 239 236 237 238 238 149 210 212 229 234 232 230 228 225
 136 238 239 238 238 236 235 165 135 133 191 234 233 231 229 225
 137 238 237 238 238 237 237 229 184 172 234 233 233 232 230 227
 123 239 239 240 239 237 235 160 150 161 213 234 233 233 230 227
 129 240 239 241 240 238 236 228 169 165 218 233 233 233 231 229
 135 240 240 239 240 239 237 151 147 177 233 233 233 232 230 228
 143 240 239 241 240 239 240 236 214 176 210 234 234 231 230 229
 150 238 239 242 238 239 240 240 238 200 191 233 233 232 231 229
 145 240 239 239 240 239 239 171 146 135 211 234 233 231 231 231
 136 237 240 239 238 238 236 168 137 230 234 234 233 231 230 231
 148 239 239 241 239 237 236 128 124 157 231 235 233 232 229 228
 104 160 149 148 148 153 154 155 161 162 168 174 176 176 181 181
 138 242 241 239 239 238 238 174 206 130 187 234 231 231 227 226
 126 240 241 240 239 239 239 170 157 212 172 235 233 232 230 227
 119 242 242 242 240 238 240 177 207 188 236 235 235 232 230 229
 119 242 242 241 240 240 241 146 155 153 216 236 234 234 232 229
 129 240 243 241 241 241 239 148 214 215 232 236 235 233 233 231
 138 242 243 243 242 239 240 165 132 129 195 237 236 234 232 230
 140 243 242 242 241 241 241 231 184 177 237 237 235 234 234 232
 125 241 242 242 242 240 240 160 151 158 213 237 236 236 233 231
 131 245 243 244 244 242 241 229 168 167 222 238 236 236 233 232
 138 244 244 241 243 243 240 152 148 181 238 237 237 236 232 233
 148 244 244 243 244 243 242 241 218 180 214 238 237 236 234 234
 152 243 244 243 244 243 243 240 241 201 195 238 237 235 235 233
 144 244 244 243 245 244 241 167 144 139 216 237 237 235 237 235
 138 243 243 244 243 242 240 169 138 235 239 237 237 235 236 234
 151 243 244 244 243 243 242 130 126 159 234 238 237 236 235 233
 112 166 154 154 154 159 161 162 168 169 175 179 183 183 186 189
 148 247 246 246 246 244 245 181 212 137 194 239 240 237 234 233
 134 247 247 248 246 247 247 181 165 217 180 242 241 238 234 233
 130 248 248 248 246 246 246 184 214 194 242 241 241 239 234 234
 130 247 248 247 246 246 246 155 165 164 221 241 241 239 238 233
 137 247 250 247 248 249 247 157 220 222 239 245 242 240 239 236
 145 244 247 247 248 246 248 173 142 142 203 244 243 240 238 236
 149 249 248 249 249 247 247 237 189 184 245 245 244 241 239 237
 132 249 250 250 249 246 246 167 160 166 220 244 243 243 240 239
 139 250 250 249 250 247 247 236 177 175 228 244 243 242 242 240
 145 249 250 247 249 248 246 160 157 188 245 245 244 243 241 240
 155 247 250 250 249 249 249 246 225 187 221 245 244 241 240 240
 160 247 249 250 247 248 249 245 247 209 202 243 243 240 240 240
 152 251 248 246 249 250 246 175 153 146 222 243 241 242 243 242
 147 248 249 248 248 249 246 176 146 240 245 244 242 240 239 240
 160 247 248 249 248 245 244 138 133 167 241 245 244 241 240 238

 177 222 224 225 224 225 225 227 227 229 228 229 229 231 231 228
 177 225 227 226 228 228 229 230 230 231 230 230 231 231 230 229
 174 228 230 231 230 230 231 232 233 233 232 231 232 231 231 232
 174 231 232 231 231 232 233 233 233 233 233 234 233 233 233 233
 170 231 233 231 233 234 234 233 234 233 233 234 233 234 234 235
 165 186 171 232 213 229 191 234 213 218 233 210 191 211 234 231
 162 128 210 185 152 212 133 172 161 165 177 176 200 135 230 157
 157 204 157 205 157 210 135 184 150 169 147 214 238 146 137 124
 152 173 173 177 148 149 165 229 160 228 151 236 240 171 168 128
 150 235 238 236 238 238 235 237 235 236 237 240 240 239 236 236
 147 234 237 235 237 238 236 237 237 238 239 239 239 239 238 237
 143 236 237 235 236 237 238 238 239 240 240 240 238 240 238 239
 142 235 235 236 236 236 238 238 240 241 239 241 242 239 239 241
 144 236 236 237 237 239 239 237 239 239 240 239 239 239 240 239
 155 237 238 239 238 237 238 238 239 240 240 240 238 240 237 239
 101 136 122 118 118 126 136 137 123 129 135 143 150 145 136 148
 181 226 227 229 229 231 230 232 231 232 233 234 233 235 234 233
 181 227 230 230 232 233 232 234 233 233 232 234 235 237 236 235
 176 231 232 232 234 233 234 234 236 236 236 236 235 235 235 236
 176 231 233 235 234 235 236 235 236 236 237 237 237 237 237 237
 174 234 235 235 236 236 237 237 237 238 237 238 238 237 237 238
 168 187 172 236 216 232 195 237 213 222 238 214 195 216 239 234
 162 130 212 188 153 215 129 177 158 167 181 180 201 139 235 159
 161 206 157 207 155 214 132 184 151 168 148 218 241 144 138 126
 155 174 170 177 146 148 165 231 160 229 152 241 240 167 169 130
 154 238 239 240 241 239 240 241 240 241 240 242 243 241 240 242
 153 238 239 238 240 241 239 241 240 242 243 243 243 244 242 243
 148 239 239 240 240 241 242 241 242 244 243 244 244 245 243 243
 148 239 240 242 241 241 243 242 242 244 241 243 243 243 244 244
 149 241 241 242 242 243 243 242 242 243 244 244 244 244 243 244
 160 242 240 242 242 240 242 243 241 245 244 244 243 244 243 243
 104 138 126 119 119 129 138 140 125 131 138 148 152 144 138 151
 189 233 233 234 233 236 236 237 239 240 240 240 240 242 240 238
 186 234 234 234 238 239 238 239 240 242 241 240 240 243 239 240
 183 237 238 239 239 240 240 241 243 242 243 241 240 242 240 241
 183 240 241 241 241 242 243 244 243 243 244 244 243 241 242 244
 179 239 242 241 241 245 244 245 244 244 245 245 243 243 244 245
 175 194 180 242 221 239 203 245 220 228 245 221 202 222 245 241
 169 137 217 194 164 222 142 184 166 175 188 187 209 146 240 167
 168 212 165 214 165 220 142 189 160 177 157 225 247 153 146 133
 162 181 181 184 155 157 173 237 167 236 160 246 245 175 176 138
 161 245 247 246 246 247 248 247 246 247 246 249 249 246 246 244
 159 244 247 246 246 249 246 247 246 247 248 249 248 250 249 245
 154 246 246 246 246 248 248 249 249 250 249 249 247 249 248 248
 154 246 248 248 247 247 247 249 250 249 247 250 250 246 248 249
 154 246 247 248 248 250 247 248 250 250 250 250 249 248 249 248
 166 247 247 248 247 247 244 249 249 250 249 247 247 251 248 247
 112 148 134 130 130 137 145 149 132 139 145 155 160 152 147 160

 228 229 232 233 235 231 157 124 128 236 237 239 241 239 239 148
 231 230 231 233 234 234 230 137 168 236 238 238 239 240 237 136
 231 231 231 233 234 211 135 146 171 239 239 240 239 239 240 145
 229 231 232 233 233 191 200 238 240 240 239 238 242 239 238 150
 229 230 231 234 234 210 176 214 236 240 239 240 241 239 240 143
 228 230 232 233 233 233 177 147 151 237 239 240 239 240 240 135
 229 231 233 233 233 218 165 169 228 236 238 240 241 239 240 129
 227 230 233 233 234 213 161 150 160 235 237 239 240 239 239 123
 227 230 232 233 233 234 172 184 229 237 237 238 238 237 238 137
 225 229 231 233 234 191 133 135 165 235 236 238 238 239 238 136
 225 228 230 232 234 229 212 210 149 238 238 237 236 239 237 126
 224 228 230 231 233 213 152 157 148 238 237 236 236 237 238 118
 225 226 231 231 231 232 185 205 177 236 235 235 236 237 239 118
 224 227 230 232 233 171 210 157 173 238 237 237 235 236 238 122
 222 225 228 231 231 186 128 204 173 235 234 236 235 236 237 136
 177 177 174 174 170 165 162 157 152 150 147 143 142 144 155 101
 233 235 236 237 238 234 159 126 130 242 243 243 244 244 243 151
 234 236 235 237 237 239 235 138 169 240 242 243 244 243 243 138
 235 237 235 237 237 216 139 144 167 241 244 245 243 244 244 144
 233 235 235 237 238 195 201 241 240 243 243 244 243 244 243 152
 234 234 236 237 238 214 180 218 241 242 243 244 243 244 244 148
 233 232 236 237 237 238 181 148 152 240 243 243 241 244 244 138
 232 233 236 236 238 222 167 168 229 241 242 244 244 243 245 131
 231 233 236 236 237 213 158 151 160 240 240 242 242 242 241 125
 232 234 234 235 237 237 177 184 231 241 241 241 242 242 243 140
 230 232 234 236 237 195 129 132 165 240 239 242 243 243 242 138
 231 233 233 235 236 232 215 214 148 239 241 241 241 243 240 129
 229 232 234 234 236 216 153 155 146 241 240 240 241 242 242 119
 229 230 232 235 235 236 188 207 177 240 238 240 242 242 242 119
 227 230 232 233 235 172 212 157 170 239 239 239 240 241 240 126
 226 227 231 231 234 187 130 206 174 238 238 239 239 241 242 138
 181 181 176 176 174 168 162 161 155 154 153 148 148 149 160 104
 238 240 241 244 245 241 167 133 138 244 245 248 249 248 247 160
 240 239 240 242 244 245 240 146 176 246 249 248 248 249 248 147
 242 243 242 241 243 222 146 153 175 246 250 249 246 248 251 152
 240 240 240 243 243 202 209 247 245 249 248 247 250 249 247 160
 240 240 241 244 245 221 187 225 246 249 249 249 250 250 247 155
 240 241 243 244 245 245 188 157 160 246 248 249 247 250 249 145
 240 242 242 243 244 228 175 177 236 247 247 250 249 250 250 139
 239 240 243 243 244 220 166 160 167 246 246 249 250 250 249 132
 237 239 241 244 245 245 184 189 237 247 247 249 249 248 249 149
 236 238 240 243 244 203 142 142 173 248 246 248 247 247 244 145
 236 239 240 242 245 239 222 220 157 247 249 248 247 250 247 137
 233 238 239 241 241 221 164 165 155 246 246 246 247 248 247 130
 234 234 239 241 241 242 194 214 184 246 246 246 248 248 248 130
 233 234 238 241 242 180 217 165 181 247 247 246 248 247 247 134
 233 234 237 240 239 194 137 212 181 245 244 246 246 246 247 148
 189 186 183 183 179 175 169 168 162 161 159 154 154 154 166 112

