 120 164 158 161 155 152 157 153 149 158 148 147 155 144 148 149
 122 171 172 172 171 173 171 172 171 171 171 171 170 171 171 171
 125 171 172 172 170 171 171 171 171 171 170 171 170 172 170 170
 118 171 171 170 170 170 171 170 171 171 171 170 170 171 170 169
 111 144 164 169 169 137 173 168 169 171 170 169 170 170 170 168
 120  80 105 169 157  39 165 170 170 171 169 170 172 170 140 128
 121  73  61 169 102  41 169 103 110 112 164  99  91 143  91  70
 122  63  82 144  75  70 147  53 132  57 161 131  88 103 121 118
 136  61 139  52 111  63 146  83 163 124 120 104 121  92 121 124
 137  80 165  70 153  77 169 105  91 124 142  84  96  76 135  79
 136 165 163 165 165 164 164 166 165 164 165 163 164 164 165 166
 139 165 165 165 166 166 165 165 165 165 163 162 164 164 163 166
 144 163 165 164 164 165 165 165 165 164 163 163 164 163 164 168
 146 164 164 163 164 165 165 164 163 161 161 163 165 164 164 165
 155 162 162 163 164 164 163 162 161 160 161 163 163 163 162 167
 165 164 164 163 166 164 164 162 164 164 164 165 165 165 165 168
 118 162 157 161 154 150 156 150 148 158 147 146 155 145 147 149
 118 168 169 169 168 168 168 170 168 168 168 168 167 169 168 169
 121 168 169 169 167 168 169 169 168 168 168 168 168 169 167 168
 113 166 168 167 167 167 168 168 168 168 168 167 168 168 167 167
 106 140 159 166 166 131 167 165 166 168 167 167 166 166 165 164
 117  76  99 167 155  31 158 166 166 166 166 167 167 164 134 121
 117  70  56 165  99  35 165  97 102 103 155  90  81 135  86  65
 117  60  78 139  73  67 143  48 125  49 155 124  79  96 118 115
 132  58 136  49 110  61 141  78 159 120 117  99 114  87 117 119
 132  78 165  70 152  76 167 101  85 120 139  80  91  71 132  75
 132 163 162 164 163 163 163 165 163 162 162 162 163 163 163 164
 135 162 163 163 163 163 163 162 162 162 161 160 161 162 161 164
 140 161 163 163 163 163 161 162 162 160 160 161 161 161 161 165
 143 162 162 162 163 162 162 161 161 159 160 162 162 161 163 163
 153 161 160 160 161 161 161 160 160 159 159 161 162 161 159 165
 160 161 161 160 161 161 160 159 159 159 161 161 163 162 161 164
 123 167 164 168 161 159 163 158 155 164 153 153 161 152 155 155
 125 174 177 177 175 177 176 176 176 176 175 176 175 176 176 176
 127 175 177 177 175 175 176 176 176 176 175 175 175 177 175 175
 121 174 176 174 174 173 174 173 175 175 176 174 175 176 174 174
 113 147 167 173 173 137 175 173 173 175 174 174 173 174 174 174
 125  84 109 174 162  41 166 173 174 176 174 175 176 173 144 132
 125  77  67 174 106  45 173 106 111 113 165 100  93 145  96  71
 125  67  90 148  78  74 151  56 134  59 161 132  90 106 125 121
 138  66 146  57 115  67 150  88 169 129 124 108 123  95 124 126
 141  90 176  81 163  86 176 112  97 129 148  92 103  81 139  81
 140 172 171 173 173 172 173 174 172 170 171 171 172 172 171 171
 144 170 170 171 172 173 173 171 170 171 170 168 169 171 168 170
 150 170 171 171 170 171 170 171 170 170 170 168 170 170 168 172
 152 171 172 171 170 170 170 168 168 166 168 170 171 170 170 170
 160 168 167 168 169 169 168 166 169 168 166 169 171 170 168 171
 167 168 168 167 169 168 167 166 169 168 168 168 170 169 168 171

 149 171 170 169 168 128  70 118 124  79 166 166 168 165 167 168
 148 171 170 170 170 140  91 121 121 135 165 163 164 164 162 165
 144 171 172 171 170 170 143 103  92  76 164 164 163 164 163 165
 155 170 170 170 170 172  91  88 121  96 164 164 164 165 163 165
 147 171 171 170 169 170  99 131 104  84 163 162 163 163 163 165
 148 171 170 171 170 169 164 161 120 142 165 163 163 161 161 164
 158 171 171 171 171 171 112  57 124 124 164 165 164 161 160 164
 149 171 171 171 169 170 110 132 163  91 165 165 165 163 161 164
 153 172 171 170 168 170 103  53  83 105 166 165 165 164 162 162
 157 171 171 171 173 165 169 147 146 169 164 165 165 165 163 164
 152 173 171 170 137  39  41  70  63  77 164 166 165 165 164 164
 155 171 170 170 169 157 102  75 111 153 165 166 164 164 164 166
 161 172 172 170 169 169 169 144  52  70 165 165 164 163 163 163
 158 172 172 171 164 105  61  82 139 165 163 165 165 164 162 164
 164 171 171 171 144  80  73  63  61  80 165 165 163 164 162 164
 120 122 125 118 111 120 121 122 136 137 136 139 144 146 155 165
 149 169 168 167 164 121  65 115 119  75 164 164 165 163 165 164
 147 168 167 167 165 134  86 118 117 132 163 161 161 163 159 161
 145 169 169 168 166 164 135  96  87  71 163 162 161 161 161 162
 155 167 168 168 166 167  81  79 114  91 163 161 161 162 162 163
 146 168 168 167 167 167  90 124  99  80 162 160 161 162 161 161
 147 168 168 168 167 166 155 155 117 139 162 161 160 160 159 161
 158 168 168 168 168 166 103  49 120 120 162 162 160 159 159 159
 148 168 168 168 166 166 102 125 159  85 163 162 162 161 160 159
 150 170 169 168 165 166  97  48  78 101 165 162 162 161 160 159
 156 168 169 168 167 158 165 143 141 167 163 163 161 162 161 160
 150 168 168 167 131  31  35  67  61  76 163 163 163 162 161 161
 154 168 167 167 166 155  99  73 110 152 163 163 163 163 161 161
 161 169 169 167 166 167 165 139  49  70 164 163 163 162 160 160
 157 169 169 168 159  99  56  78 136 165 162 163 163 162 160 161
 162 168 168 166 140  76  70  60  58  78 163 162 161 162 161 161
 118 118 121 113 106 117 117 117 132 132 132 135 140 143 153 160
 155 176 175 174 174 132  71 121 126  81 171 170 172 170 171 171
 155 176 175 174 174 144  96 125 124 139 171 168 168 170 168 168
 152 176 177 176 174 173 145 106  95  81 172 171 170 170 170 169
 161 175 175 175 173 176  93  90 123 103 172 169 170 171 171 170
 153 176 175 174 174 175 100 132 108  92 171 168 168 170 169 168
 153 175 175 176 174 174 165 161 124 148 171 170 170 168 166 168
 164 176 176 175 175 176 113  59 129 129 170 171 170 166 168 168
 155 176 176 175 173 174 111 134 169  97 172 170 170 168 169 169
 158 176 176 173 173 173 106  56  88 112 174 171 171 168 166 166
 163 176 176 174 175 166 173 151 150 176 173 173 170 170 168 167
 159 177 175 173 137  41  45  74  67  86 172 173 171 170 169 168
 161 175 175 174 173 162 106  78 115 163 173 172 170 170 169 169
 168 177 177 174 173 174 174 148  57  81 173 171 171 171 168 167
 164 177 177 176 167 109  67  90 146 176 171 170 171 172 167 168
 167 174 175 174 147  84  77  67  66  90 172 170 170 171 168 168
 123 125 127 121 113 125 125 125 138 141 140 144 150 152 160 167

 168 165 165 165 165 164 164 164 162 164 164 166 163 164 164 165
 167 162 163 163 163 161 160 161 162 163 164 164 163 162 162 155
 165 164 164 165 163 161 161 163 164 165 165 164 163 164 164 146
 168 164 163 164 163 163 164 165 165 165 165 164 164 165 163 144
 166 163 164 164 162 163 165 165 165 165 166 166 165 165 165 139
 166 165 164 164 163 165 164 165 166 164 164 165 165 163 165 136
  79 135  76  96  84 142 124  91 105 169  77 153  70 165  80 137
 124 121  92 121 104 120 124 163  83 146  63 111  52 139  61 136
 118 121 103  88 131 161  57 132  53 147  70  75 144  82  63 122
  70  91 143  91  99 164 112 110 103 169  41 102 169  61  73 121
 128 140 170 172 170 169 171 170 170 165  39 157 169 105  80 120
 168 170 170 170 169 170 171 169 168 173 137 169 169 164 144 111
 169 170 171 170 170 171 171 171 170 171 170 170 170 171 171 118
 170 170 172 170 171 170 171 171 171 171 171 170 172 172 171 125
 171 171 171 170 171 171 171 171 172 171 173 171 172 172 171 122
 149 148 144 155 147 148 158 149 153 157 152 155 161 158 164 120
 164 161 162 163 161 161 159 159 159 160 161 161 160 161 161 160
 165 159 161 162 161 159 159 160 160 161 161 161 160 160 161 153
 163 163 161 162 162 160 159 161 161 162 162 163 162 162 162 143
 165 161 161 161 161 160 160 162 162 161 163 163 163 163 161 140
 164 161 162 161 160 161 162 162 162 163 163 163 163 163 162 135
 164 163 163 163 162 162 162 163 165 163 163 163 164 162 163 132
  75 132  71  91  80 139 120  85 101 167  76 152  70 165  78 132
 119 117  87 114  99 117 120 159  78 141  61 110  49 136  58 132
 115 118  96  79 124 155  49 125  48 143  67  73 139  78  60 117
  65  86 135  81  90 155 103 102  97 165  35  99 165  56  70 117
 121 134 164 167 167 166 166 166 166 158  31 155 167  99  76 117
 164 165 166 166 167 167 168 166 165 167 131 166 166 159 140 106
 167 167 168 168 167 168 168 168 168 168 167 167 167 168 166 113
 168 167 169 168 168 168 168 168 169 169 168 167 169 169 168 121
 169 168 169 167 168 168 168 168 170 168 168 168 169 169 168 118
 149 147 145 155 146 147 158 148 150 156 150 154 161 157 162 118
 171 168 169 170 168 168 168 169 166 167 168 169 167 168 168 167
 171 168 170 171 169 166 168 169 166 168 169 169 168 167 168 160
 170 170 170 171 170 168 166 168 168 170 170 170 171 172 171 152
 172 168 170 170 168 170 170 170 171 170 171 170 171 171 170 150
 170 168 171 169 168 170 171 170 171 173 173 172 171 170 170 144
 171 171 172 172 171 171 170 172 174 173 172 173 173 171 172 140
  81 139  81 103  92 148 129  97 112 176  86 163  81 176  90 141
 126 124  95 123 108 124 129 169  88 150  67 115  57 146  66 138
 121 125 106  90 132 161  59 134  56 151  74  78 148  90  67 125
  71  96 145  93 100 165 113 111 106 173  45 106 174  67  77 125
 132 144 173 176 175 174 176 174 173 166  41 162 174 109  84 125
 174 174 174 173 174 174 175 173 173 175 137 173 173 167 147 113
 174 174 176 175 174 176 175 175 173 174 173 174 174 176 174 121
 175 175 177 175 175 175 176 176 176 176 175 175 177 177 175 127
 176 176 176 175 176 175 176 176 176 176 177 175 177 177 174 125
 155 155 152 161 153 153 164 155 158 163 159 161 168 164 167 123

 165 155 146 144 139 136 137 136 122 121 120 111 118 125 122 120
 164 162 164 163 165 165  80  61  63  73  80 144 171 171 171 164
 164 162 164 165 165 163 165 139  82  61 105 164 171 172 172 158
 163 163 163 164 165 165  70  52 144 169 169 169 170 172 172 161
 166 164 164 164 166 165 153 111  75 102 157 169 170 170 171 155
 164 164 165 165 166 164  77  63  70  41  39 137 170 171 173 152
 164 163 165 165 165 164 169 146 147 169 165 173 171 171 171 157
 162 162 164 165 165 166 105  83  53 103 170 168 170 171 172 153
 164 161 163 165 165 165  91 163 132 110 170 169 171 171 171 149
 164 160 161 164 165 164 124 124  57 112 171 171 171 171 171 158
 164 161 161 163 163 165 142 120 161 164 169 170 171 170 171 148
 165 163 163 163 162 163  84 104 131  99 170 169 170 171 171 147
 165 163 165 164 164 164  96 121  88  91 172 170 170 170 170 155
 165 163 164 163 164 164  76  92 103 143 170 170 171 172 171 144
 165 162 164 164 163 165 135 121 121  91 140 170 170 170 171 148
 168 167 165 168 166 166  79 124 118  70 128 168 169 170 171 149
 160 153 143 140 135 132 132 132 117 117 117 106 113 121 118 118
 161 161 162 161 162 163  78  58  60  70  76 140 166 168 168 162
 161 160 162 163 163 162 165 136  78  56  99 159 168 169 169 157
 160 160 162 163 163 164  70  49 139 165 167 166 167 169 169 161
 161 161 163 163 163 163 152 110  73  99 155 166 167 167 168 154
 161 161 162 163 163 163  76  61  67  35  31 131 167 168 168 150
 160 161 162 161 163 163 167 141 143 165 158 167 168 169 168 156
 159 160 161 162 162 165 101  78  48  97 166 165 168 169 170 150
 159 160 161 162 162 163  85 159 125 102 166 166 168 168 168 148
 159 159 159 160 162 162 120 120  49 103 166 168 168 168 168 158
 161 159 160 160 161 162 139 117 155 155 166 167 168 168 168 147
 161 161 162 161 160 162  80  99 124  90 167 167 167 168 168 146
 163 162 162 161 161 163  91 114  79  81 167 166 168 168 167 155
 162 161 161 161 162 163  71  87  96 135 164 166 168 169 169 145
 161 159 163 161 161 163 132 117 118  86 134 165 167 167 168 147
 164 165 163 165 164 164  75 119 115  65 121 164 167 168 169 149
 167 160 152 150 144 140 141 138 125 125 125 113 121 127 125 123
 168 168 171 170 170 172  90  66  67  77  84 147 174 175 174 167
 168 167 172 171 170 171 176 146  90  67 109 167 176 177 177 164
 167 168 171 171 171 173  81  57 148 174 174 173 174 177 177 168
 169 169 170 170 172 173 163 115  78 106 162 173 174 175 175 161
 168 169 170 171 173 172  86  67  74  45  41 137 173 175 177 159
 167 168 170 170 173 173 176 150 151 173 166 175 174 176 176 163
 166 166 168 171 171 174 112  88  56 106 173 173 173 176 176 158
 169 169 168 170 170 172  97 169 134 111 174 173 175 176 176 155
 168 168 166 170 171 170 129 129  59 113 176 175 175 176 176 164
 168 166 168 170 170 171 148 124 161 165 174 174 176 175 175 153
 168 169 170 168 168 171  92 108 132 100 175 174 174 175 176 153
 170 171 171 170 169 172 103 123  90  93 176 173 175 175 175 161
 169 170 170 170 171 172  81  95 106 145 173 174 176 177 176 152
 168 168 170 168 168 171 139 124 125  96 144 174 174 175 176 155
 171 171 170 172 170 171  81 126 121  71 132 174 174 175 176 155

