  89 154 150 151 151 152 152 153 151 149 146 148 149 147 151 151
  89 155 151 155 154 152 151 152 151 151 150 151 148 150 150 147
  90 155 151 151 151 150 150 149 148 150 152 153 154 155 149 150
  89 155 153 152 151 149 147 148 149 149 150 154 150 149 150 149
  88 154 153 137 149 149 148 151 151 149 151 154 151 149 146 147
  90 130  85  90 105 149 149 150 150 150 153 154 149 151 150 151
  88  90 132 147 118 130  90 109 126 122 120 125 117 123  84 124
  87  87 143 149 149  94 125  97 106  92  85  92  82  97 113 118
  93  94 127 140  88  90 128  98 119  70  79  77  88 134 106  84
  92 138  93  88 119 129 111 119 149 114 113 111 124 120  84  93
  78 148 149 147 150 150 149 151 150 150 148 149 151 151 147 145
  77 146 147 149 151 150 149 150 152 149 148 148 147 150 152 148
  86 147 146 145 148 150 150 148 150 148 148 149 148 149 142 146
  96 147 148 147 146 147 147 146 149 148 147 145 149 146 145 148
 104 146 146 148 148 144 144 142 143 143 144 145 146 144 145 148
  78 110 114 123 119 109 111 102 108 108 112 117 118 119 120 124
  84 154 156 154 154 153 152 153 152 152 152 152 152 153 151 152
  87 154 154 153 152 152 152 153 151 151 151 152 153 153 151 152
  83 151 153 154 152 152 153 151 151 151 151 151 153 154 153 152
  84 150 151 151 152 151 151 151 151 152 152 153 153 153 153 153
  86 150 149 135 148 150 150 151 151 151 150 152 151 152 152 152
  86 124  81  91 104 148 150 151 151 150 150 151 151 152 151 150
  83  88 130 148 119 129  90 105 121 117 118 117 115 124  80 122
  82  86 142 151 152  94 124 100 102  89  82  85  77  98 111 116
  87  92 123 139  87  89 126  98 117  69  70  72  86 133 104  80
  89 139  92  85 120 133 112 117 149 113 107 111 124 116  82  98
  75 148 148 149 150 150 152 153 150 151 152 151 150 149 146 148
  77 145 145 148 150 150 151 151 150 151 150 150 149 148 148 148
  87 146 145 144 146 148 149 149 149 149 149 148 149 148 148 147
  90 147 146 146 144 145 147 149 148 147 145 146 145 146 145 145
  98 147 146 146 144 143 145 148 146 145 144 142 143 145 144 143
  73 106 110 113 110 103 104  96 100 104 106 110 115 116 115 116
  92 158 158 160 159 160 158 159 157 157 156 157 158 159 158 157
  91 158 158 161 159 158 158 159 157 158 157 158 158 161 162 158
  93 160 158 157 157 156 158 158 157 157 158 159 158 159 159 160
  92 159 158 156 157 157 158 158 157 158 158 158 159 159 159 158
  92 158 157 141 156 157 157 156 156 156 160 159 158 159 158 158
  92 133  91  96 112 155 156 154 155 156 155 159 158 158 158 157
  92  94 138 155 127 138  96 110 128 124 124 128 124 130  88 131
  91  93 152 159 155  98 130 105 110  97  87  93  86 105 120 126
  96  98 130 147  93  94 132 105 125  79  82  84  96 143 114  90
  96 144 100  96 129 138 119 126 157 121 121 121 133 127  93 106
  83 154 156 157 158 158 159 160 157 157 159 158 157 159 156 156
  83 151 154 157 158 157 157 159 157 158 158 157 157 157 156 155
  94 154 154 154 155 156 157 158 156 158 160 157 158 157 156 156
 100 156 154 154 154 155 157 155 157 156 157 157 155 155 156 153
 108 156 155 154 154 154 153 152 152 153 153 153 154 154 154 153
  81 111 115 122 119 112 114 106 108 112 117 120 123 123 123 128

 151 147 150 149 147 151 124 118  84  93 145 148 146 148 148 124
 151 150 149 150 146 150  84 113 106  84 147 152 142 145 145 120
 147 150 155 149 149 151 123  97 134 120 151 150 149 146 144 119
 149 148 154 150 151 149 117  82  88 124 151 147 148 149 146 118
 148 151 153 154 154 154 125  92  77 111 149 148 149 145 145 117
 146 150 152 150 151 153 120  85  79 113 148 148 148 147 144 112
 149 151 150 149 149 150 122  92  70 114 150 149 148 148 143 108
 151 151 148 149 151 150 126 106 119 149 150 152 150 149 143 108
 153 152 149 148 151 150 109  97  98 119 151 150 148 146 142 102
 152 151 150 147 148 149  90 125 128 111 149 149 150 147 144 111
 152 152 150 149 149 149 130  94  90 129 150 150 150 147 144 109
 151 154 151 151 149 105 118 149  88 119 150 151 148 146 148 119
 151 155 151 152 137  90 147 149 140  88 147 149 145 147 148 123
 150 151 151 153 153  85 132 143 127  93 149 147 146 148 146 114
 154 155 155 155 154 130  90  87  94 138 148 146 147 147 146 110
  89  89  90  89  88  90  88  87  93  92  78  77  86  96 104  78
 152 152 152 153 152 150 122 116  80  98 148 148 147 145 143 116
 151 151 153 153 152 151  80 111 104  82 146 148 148 145 144 115
 153 153 154 153 152 152 124  98 133 116 149 148 148 146 145 116
 152 153 153 153 151 151 115  77  86 124 150 149 149 145 143 115
 152 152 151 153 152 151 117  85  72 111 151 150 148 146 142 110
 152 151 151 152 150 150 118  82  70 107 152 150 149 145 144 106
 152 151 151 152 151 150 117  89  69 113 151 151 149 147 145 104
 152 151 151 151 151 151 121 102 117 149 150 150 149 148 146 100
 153 153 151 151 151 151 105 100  98 117 153 151 149 149 148  96
 152 152 153 151 150 150  90 124 126 112 152 151 149 147 145 104
 153 152 152 151 150 148 129  94  89 133 150 150 148 145 143 103
 154 152 152 152 148 104 119 152  87 120 150 150 146 144 144 110
 154 153 154 151 135  91 148 151 139  85 149 148 144 146 146 113
 156 154 153 151 149  81 130 142 123  92 148 145 145 146 146 110
 154 154 151 150 150 124  88  86  92 139 148 145 146 147 147 106
  84  87  83  84  86  86  83  82  87  89  75  77  87  90  98  73
 157 158 160 158 158 157 131 126  90 106 156 155 156 153 153 128
 158 162 159 159 158 158  88 120 114  93 156 156 156 156 154 123
 159 161 159 159 159 158 130 105 143 127 159 157 157 155 154 123
 158 158 158 159 158 158 124  86  96 133 157 157 158 155 154 123
 157 158 159 158 159 159 128  93  84 121 158 157 157 157 153 120
 156 157 158 158 160 155 124  87  82 121 159 158 160 157 153 117
 157 158 157 158 156 156 124  97  79 121 157 158 158 156 153 112
 157 157 157 157 156 155 128 110 125 157 157 157 156 157 152 108
 159 159 158 158 156 154 110 105 105 126 160 159 158 155 152 106
 158 158 158 158 157 156  96 130 132 119 159 157 157 157 153 114
 160 158 156 157 157 155 138  98  94 138 158 157 156 155 154 112
 159 159 157 157 156 112 127 155  93 129 158 158 155 154 154 119
 160 161 157 156 141  96 155 159 147  96 157 157 154 154 154 122
 158 158 158 158 157  91 138 152 130 100 156 154 154 154 155 115
 158 158 160 159 158 133  94  93  98 144 154 151 154 156 156 111
  92  91  93  92  92  92  92  91  96  96  83  83  94 100 108  81

 124 120 119 118 117 112 108 108 102 111 109 119 123 114 110  78
 148 145 144 146 145 144 143 143 142 144 144 148 148 146 146 104
 148 145 146 149 145 147 148 149 146 147 147 146 147 148 147  96
 146 142 149 148 149 148 148 150 148 150 150 148 145 146 147  86
 148 152 150 147 148 148 149 152 150 149 150 151 149 147 146  77
 145 147 151 151 149 148 150 150 151 149 150 150 147 149 148  78
  93  84 120 124 111 113 114 149 119 111 129 119  88  93 138  92
  84 106 134  88  77  79  70 119  98 128  90  88 140 127  94  93
 118 113  97  82  92  85  92 106  97 125  94 149 149 143  87  87
 124  84 123 117 125 120 122 126 109  90 130 118 147 132  90  88
 151 150 151 149 154 153 150 150 150 149 149 105  90  85 130  90
 147 146 149 151 154 151 149 151 151 148 149 149 137 153 154  88
 149 150 149 150 154 150 149 149 148 147 149 151 152 153 155  89
 150 149 155 154 153 152 150 148 149 150 150 151 151 151 155  90
 147 150 150 148 151 150 151 151 152 151 152 154 155 151 155  89
 151 151 147 149 148 146 149 151 153 152 152 151 151 150 154  89
 116 115 116 115 110 106 104 100  96 104 103 110 113 110 106  73
 143 144 145 143 142 144 145 146 148 145 143 144 146 146 147  98
 145 145 146 145 146 145 147 148 149 147 145 144 146 146 147  90
 147 148 148 149 148 149 149 149 149 149 148 146 144 145 146  87
 148 148 148 149 150 150 151 150 151 151 150 150 148 145 145  77
 148 146 149 150 151 152 151 150 153 152 150 150 149 148 148  75
  98  82 116 124 111 107 113 149 117 112 133 120  85  92 139  89
  80 104 133  86  72  70  69 117  98 126  89  87 139 123  92  87
 116 111  98  77  85  82  89 102 100 124  94 152 151 142  86  82
 122  80 124 115 117 118 117 121 105  90 129 119 148 130  88  83
 150 151 152 151 151 150 150 151 151 150 148 104  91  81 124  86
 152 152 152 151 152 150 151 151 151 150 150 148 135 149 150  86
 153 153 153 153 153 152 152 151 151 151 151 152 151 151 150  84
 152 153 154 153 151 151 151 151 151 153 152 152 154 153 151  83
 152 151 153 153 152 151 151 151 153 152 152 152 153 154 154  87
 152 151 153 152 152 152 152 152 153 152 153 154 154 156 154  84
 128 123 123 123 120 117 112 108 106 114 112 119 122 115 111  81
 153 154 154 154 153 153 153 152 152 153 154 154 154 155 156 108
 153 156 155 155 157 157 156 157 155 157 155 154 154 154 156 100
 156 156 157 158 157 160 158 156 158 157 156 155 154 154 154  94
 155 156 157 157 157 158 158 157 159 157 157 158 157 154 151  83
 156 156 159 157 158 159 157 157 160 159 158 158 157 156 154  83
 106  93 127 133 121 121 121 157 126 119 138 129  96 100 144  96
  90 114 143  96  84  82  79 125 105 132  94  93 147 130  98  96
 126 120 105  86  93  87  97 110 105 130  98 155 159 152  93  91
 131  88 130 124 128 124 124 128 110  96 138 127 155 138  94  92
 157 158 158 158 159 155 156 155 154 156 155 112  96  91 133  92
 158 158 159 158 159 160 156 156 156 157 157 156 141 157 158  92
 158 159 159 159 158 158 158 157 158 158 157 157 156 158 159  92
 160 159 159 158 159 158 157 157 158 158 156 157 157 158 160  93
 158 162 161 158 158 157 158 157 159 158 158 159 161 158 158  91
 157 158 159 158 157 156 157 157 159 158 160 159 160 158 158  92

  78 104  96  86  77  78  92  93  87  88  90  88  89  90  89  89
 110 146 147 147 146 148 138  94  87  90 130 154 155 155 155 154
 114 146 148 146 147 149  93 127 143 132  85 153 153 151 151 150
 123 148 147 145 149 147  88 140 149 147  90 137 152 151 155 151
 119 148 146 148 151 150 119  88 149 118 105 149 151 151 154 151
 109 144 147 150 150 150 129  90  94 130 149 149 149 150 152 152
 111 144 147 150 149 149 111 128 125  90 149 148 147 150 151 152
 102 142 146 148 150 151 119  98  97 109 150 151 148 149 152 153
 108 143 149 150 152 150 149 119 106 126 150 151 149 148 151 151
 108 143 148 148 149 150 114  70  92 122 150 149 149 150 151 149
 112 144 147 148 148 148 113  79  85 120 153 151 150 152 150 146
 117 145 145 149 148 149 111  77  92 125 154 154 154 153 151 148
 118 146 149 148 147 151 124  88  82 117 149 151 150 154 148 149
 119 144 146 149 150 151 120 134  97 123 151 149 149 155 150 147
 120 145 145 142 152 147  84 106 113  84 150 146 150 149 150 151
 124 148 148 146 148 145  93  84 118 124 151 147 149 150 147 151
  73  98  90  87  77  75  89  87  82  83  86  86  84  83  87  84
 106 147 147 146 145 148 139  92  86  88 124 150 150 151 154 154
 110 146 146 145 145 148  92 123 142 130  81 149 151 153 154 156
 113 146 146 144 148 149  85 139 151 148  91 135 151 154 153 154
 110 144 144 146 150 150 120  87 152 119 104 148 152 152 152 154
 103 143 145 148 150 150 133  89  94 129 148 150 151 152 152 153
 104 145 147 149 151 152 112 126 124  90 150 150 151 153 152 152
  96 148 149 149 151 153 117  98 100 105 151 151 151 151 153 153
 100 146 148 149 150 150 149 117 102 121 151 151 151 151 151 152
 104 145 147 149 151 151 113  69  89 117 150 151 152 151 151 152
 106 144 145 149 150 152 107  70  82 118 150 150 152 151 151 152
 110 142 146 148 150 151 111  72  85 117 151 152 153 151 152 152
 115 143 145 149 149 150 124  86  77 115 151 151 153 153 153 152
 116 145 146 148 148 149 116 133  98 124 152 152 153 154 153 153
 115 144 145 148 148 146  82 104 111  80 151 152 153 153 151 151
 116 143 145 147 148 148  98  80 116 122 150 152 153 152 152 152
  81 108 100  94  83  83  96  96  91  92  92  92  92  93  91  92
 111 156 156 154 151 154 144  98  93  94 133 158 159 160 158 158
 115 155 154 154 154 156 100 130 152 138  91 157 158 158 158 158
 122 154 154 154 157 157  96 147 159 155  96 141 156 157 161 160
 119 154 154 155 158 158 129  93 155 127 112 156 157 157 159 159
 112 154 155 156 157 158 138  94  98 138 155 157 157 156 158 160
 114 153 157 157 157 159 119 132 130  96 156 157 158 158 158 158
 106 152 155 158 159 160 126 105 105 110 154 156 158 158 159 159
 108 152 157 156 157 157 157 125 110 128 155 156 157 157 157 157
 112 153 156 158 158 157 121  79  97 124 156 156 158 157 158 157
 117 153 157 160 158 159 121  82  87 124 155 160 158 158 157 156
 120 153 157 157 157 158 121  84  93 128 159 159 158 159 158 157
 123 154 155 158 157 157 133  96  86 124 158 158 159 158 158 158
 123 154 155 157 157 159 127 143 105 130 158 159 159 159 161 159
 123 154 156 156 156 156  93 114 120  88 158 158 159 159 162 158
 128 153 153 156 155 156 106  90 126 131 157 158 158 160 158 157

