 131 158 155 156 155 162 161 160 155 159 161 162 155 155 165 163
 136 156 154 158 162 163 161 161 161 160 159 159 159 162 162 161
 140 157 157 156 158 160 160 159 161 160 160 160 161 160 160 162
 146 156 156 158 159 158 158 159 157 159 162 159 160 161 162 161
 149 154 156 159 159 158 159 157 157 158 158 158 159 159 161 161
 146 158 156 157 154 156 158 160 157 151 154 156 157 157 162 160
 135  77 119 109 106 102 117 103 131 110 114 119 116 114  95 157
 132  71 118 111 103  99 131 108 108 115 160  79 106 101 138 159
 133 102 160  75  84 101 116  96 112 112 158  96 133 141  96 156
 142  93  98 109  97 109 148 129 105  92  95 127 122 125 111 150
 152 156 156 156 158 158 160 158 160 161 160 158 160 155 157 157
 156 157 158 157 159 158 155 158 161 161 159 159 160 159 159 162
 152 154 155 157 160 157 158 163 158 157 160 159 159 159 159 161
 143 154 153 155 158 158 156 159 161 157 158 157 158 159 160 158
 150 154 154 155 159 156 158 158 159 156 157 157 160 158 158 159
 154 158 154 145 148 150 153 154 155 156 158 157 159 159 163 159
 133 162 162 157 158 163 162 160 156 162 162 163 159 159 167 163
 136 160 160 161 163 162 161 163 164 164 163 166 164 164 165 164
 141 159 160 160 160 162 162 163 163 163 162 162 163 163 163 162
 144 158 159 161 160 160 160 161 161 161 160 161 162 162 164 163
 147 157 159 158 159 159 159 160 161 160 160 161 161 163 163 163
 145 157 156 157 155 156 157 160 160 150 155 161 162 161 161 161
 132  77 120 110 105  99 114 105 130 101 110 116 117 113  91 158
 130  73 117 107  99  96 133 111 107 113 159  80 106 101 134 159
 131 102 155  72  81  96 115  97 109 110 158  97 131 141  94 154
 141  91  96 108  95 107 146 127 100  88  95 130 119 120 109 151
 148 156 157 159 158 159 157 158 159 160 161 161 159 152 155 161
 149 155 156 157 158 158 158 158 160 159 160 159 160 160 159 161
 151 154 156 156 157 159 157 159 158 159 158 159 160 159 159 159
 139 155 154 156 156 156 157 157 157 158 159 159 159 160 159 160
 144 153 154 154 154 155 156 157 156 157 157 156 157 157 159 159
 149 152 150 143 144 148 150 151 152 153 154 154 155 156 157 158
 138 166 164 162 161 166 164 164 161 164 165 164 161 162 169 164
 141 164 164 164 165 165 166 166 168 168 165 166 166 169 167 164
 145 163 163 163 165 163 165 165 166 166 165 163 165 166 164 163
 150 162 163 164 163 163 163 165 163 164 162 163 165 165 165 164
 153 160 160 161 162 163 161 161 164 164 162 162 162 163 165 165
 148 160 158 159 157 160 159 160 162 152 156 161 160 162 163 163
 137  80 122 112 108 102 114 106 133 105 111 120 116 116  94 160
 134  77 121 113 104 100 135 110 110 117 160  84 108 102 137 160
 137 108 159  75  87 103 118  97 114 117 159  98 135 143  97 157
 144  96 101 110  98 113 148 129 104  93  97 132 122 123 111 153
 154 159 160 161 159 161 159 160 160 160 161 160 160 154 156 160
 155 159 160 161 162 161 160 160 161 160 161 161 160 161 160 161
 156 158 158 160 160 159 161 162 161 162 161 160 160 161 162 161
 145 156 158 158 159 160 159 159 160 159 160 159 160 160 160 161
 150 156 157 155 158 158 158 158 159 157 159 158 160 159 159 159
 154 156 154 146 148 150 151 154 155 155 156 156 157 157 158 158

 163 161 162 161 161 160 157 159 156 150 157 162 161 158 159 159
 165 162 160 162 161 162  95 138  96 111 157 159 159 160 158 163
 155 162 160 161 159 157 114 101 141 125 155 159 159 159 158 159
 155 159 161 160 159 157 116 106 133 122 160 160 159 158 160 159
 162 159 160 159 158 156 119  79  96 127 158 159 159 157 157 157
 161 159 160 162 158 154 114 160 158  95 160 159 160 158 157 158
 159 160 160 159 158 151 110 115 112  92 161 161 157 157 156 156
 155 161 161 157 157 157 131 108 112 105 160 161 158 161 159 155
 160 161 159 159 157 160 103 108  96 129 158 158 163 159 158 154
 161 161 160 158 159 158 117 131 116 148 160 155 158 156 158 153
 162 163 160 158 158 156 102  99 101 109 158 158 157 158 156 150
 155 162 158 159 159 154 106 103  84  97 158 159 160 158 159 148
 156 158 156 158 159 157 109 111  75 109 156 157 157 155 155 145
 155 154 157 156 156 156 119 118 160  98 156 158 155 153 154 154
 158 156 157 156 154 158  77  71 102  93 156 157 154 154 154 158
 131 136 140 146 149 146 135 132 133 142 152 156 152 143 150 154
 163 164 162 163 163 161 158 159 154 151 161 161 159 160 159 158
 167 165 163 164 163 161  91 134  94 109 155 159 159 159 159 157
 159 164 163 162 163 161 113 101 141 120 152 160 159 160 157 156
 159 164 163 162 161 162 117 106 131 119 159 160 160 159 157 155
 163 166 162 161 161 161 116  80  97 130 161 159 159 159 156 154
 162 163 162 160 160 155 110 159 158  95 161 160 158 159 157 154
 162 164 163 161 160 150 101 113 110  88 160 159 159 158 157 153
 156 164 163 161 161 160 130 107 109 100 159 160 158 157 156 152
 160 163 163 161 160 160 105 111  97 127 158 158 159 157 157 151
 162 161 162 160 159 157 114 133 115 146 157 158 157 157 156 150
 163 162 162 160 159 156  99  96  96 107 159 158 159 156 155 148
 158 163 160 160 159 155 105  99  81  95 158 158 157 156 154 144
 157 161 160 161 158 157 110 107  72 108 159 157 156 156 154 143
 162 160 160 159 159 156 120 117 155  96 157 156 156 154 154 150
 162 160 159 158 157 157  77  73 102  91 156 155 154 155 153 152
 133 136 141 144 147 145 132 130 131 141 148 149 151 139 144 149
 164 164 163 164 165 163 160 160 157 153 160 161 161 161 159 158
 169 167 164 165 165 163  94 137  97 111 156 160 162 160 159 158
 162 169 166 165 163 162 116 102 143 123 154 161 161 160 159 157
 161 166 165 165 162 160 116 108 135 122 160 160 160 160 160 157
 164 166 163 163 162 161 120  84  98 132 160 161 160 159 158 156
 165 165 165 162 162 156 111 160 159  97 161 161 161 160 159 156
 164 168 166 164 164 152 105 117 117  93 160 160 162 159 157 155
 161 168 166 163 164 162 133 110 114 104 160 161 161 160 159 155
 164 166 165 165 161 160 106 110  97 129 160 160 162 159 158 154
 164 166 165 163 161 159 114 135 118 148 159 160 161 159 158 151
 166 165 163 163 163 160 102 100 103 113 161 161 159 160 158 150
 161 165 165 163 162 157 108 104  87  98 159 162 160 159 158 148
 162 164 163 164 161 159 112 113  75 110 161 161 160 158 155 146
 164 164 163 163 160 158 122 121 159 101 160 160 158 158 157 154
 166 164 163 162 160 160  80  77 108  96 159 159 158 156 156 156
 138 141 145 150 153 148 137 134 137 144 154 155 156 145 150 154

 159 163 159 159 157 158 156 155 154 153 150 148 145 154 158 154
 159 158 158 160 157 157 156 159 158 158 156 159 155 154 154 150
 158 160 159 158 157 158 157 161 159 156 158 158 155 153 154 143
 161 159 159 159 159 160 157 158 163 158 157 160 157 155 154 152
 162 159 159 160 159 159 161 161 158 155 158 159 157 158 157 156
 157 157 155 160 158 160 161 160 158 160 158 158 156 156 156 152
 150 111 125 122 127  95  92 105 129 148 109  97 109  98  93 142
 156  96 141 133  96 158 112 112  96 116 101  84  75 160 102 133
 159 138 101 106  79 160 115 108 108 131  99 103 111 118  71 132
 157  95 114 116 119 114 110 131 103 117 102 106 109 119  77 135
 160 162 157 157 156 154 151 157 160 158 156 154 157 156 158 146
 161 161 159 159 158 158 158 157 157 159 158 159 159 156 154 149
 161 162 161 160 159 162 159 157 159 158 158 159 158 156 156 146
 162 160 160 161 160 160 160 161 159 160 160 158 156 157 157 140
 161 162 162 159 159 159 160 161 161 161 163 162 158 154 156 136
 163 165 155 155 162 161 159 155 160 161 162 155 156 155 158 131
 158 157 156 155 154 154 153 152 151 150 148 144 143 150 152 149
 159 159 157 157 156 157 157 156 157 156 155 154 154 154 153 144
 160 159 160 159 159 159 158 157 157 157 156 156 156 154 155 139
 159 159 159 160 159 158 159 158 159 157 159 157 156 156 154 151
 161 159 160 160 159 160 159 160 158 158 158 158 157 156 155 149
 161 155 152 159 161 161 160 159 158 157 159 158 159 157 156 148
 151 109 120 119 130  95  88 100 127 146 107  95 108  96  91 141
 154  94 141 131  97 158 110 109  97 115  96  81  72 155 102 131
 159 134 101 106  80 159 113 107 111 133  96  99 107 117  73 130
 158  91 113 117 116 110 101 130 105 114  99 105 110 120  77 132
 161 161 161 162 161 155 150 160 160 157 156 155 157 156 157 145
 163 163 163 161 161 160 160 161 160 159 159 159 158 159 157 147
 163 164 162 162 161 160 161 161 161 160 160 160 161 159 158 144
 162 163 163 163 162 162 163 163 163 162 162 160 160 160 159 141
 164 165 164 164 166 163 164 164 163 161 162 163 161 160 160 136
 163 167 159 159 163 162 162 156 160 162 163 158 157 162 162 133
 158 158 157 157 156 156 155 155 154 151 150 148 146 154 156 154
 159 159 159 160 158 159 157 159 158 158 158 158 155 157 156 150
 161 160 160 160 159 160 159 160 159 159 160 159 158 158 156 145
 161 162 161 160 160 161 162 161 162 161 159 160 160 158 158 156
 161 160 161 160 161 161 160 161 160 160 161 162 161 160 159 155
 160 156 154 160 160 161 160 160 160 159 161 159 161 160 159 154
 153 111 123 122 132  97  93 104 129 148 113  98 110 101  96 144
 157  97 143 135  98 159 117 114  97 118 103  87  75 159 108 137
 160 137 102 108  84 160 117 110 110 135 100 104 113 121  77 134
 160  94 116 116 120 111 105 133 106 114 102 108 112 122  80 137
 163 163 162 160 161 156 152 162 160 159 160 157 159 158 160 148
 165 165 163 162 162 162 164 164 161 161 163 162 161 160 160 153
 164 165 165 165 163 162 164 163 165 163 163 163 164 163 162 150
 163 164 166 165 163 165 166 166 165 165 163 165 163 163 163 145
 164 167 169 166 166 165 168 168 166 166 165 165 164 164 164 141
 164 169 162 161 164 165 164 161 164 164 166 161 162 164 166 138

 154 150 143 152 156 152 142 133 132 135 146 149 146 140 136 131
 158 154 154 154 157 156  93 102  71  77 158 154 156 157 156 158
 154 154 153 155 158 156  98 160 118 119 156 156 156 157 154 155
 145 155 155 157 157 156 109  75 111 109 157 159 158 156 158 156
 148 159 158 160 159 158  97  84 103 106 154 159 159 158 162 155
 150 156 158 157 158 158 109 101  99 102 156 158 158 160 163 162
 153 158 156 158 155 160 148 116 131 117 158 159 158 160 161 161
 154 158 159 163 158 158 129  96 108 103 160 157 159 159 161 160
 155 159 161 158 161 160 105 112 108 131 157 157 157 161 161 155
 156 156 157 157 161 161  92 112 115 110 151 158 159 160 160 159
 158 157 158 160 159 160  95 158 160 114 154 158 162 160 159 161
 157 157 157 159 159 158 127  96  79 119 156 158 159 160 159 162
 159 160 158 159 160 160 122 133 106 116 157 159 160 161 159 155
 159 158 159 159 159 155 125 141 101 114 157 159 161 160 162 155
 163 158 160 159 159 157 111  96 138  95 162 161 162 160 162 165
 159 159 158 161 162 157 150 156 159 157 160 161 161 162 161 163
 149 144 139 151 149 148 141 131 130 132 145 147 144 141 136 133
 152 153 155 154 155 156  91 102  73  77 157 157 158 159 160 162
 150 154 154 156 156 157  96 155 117 120 156 159 159 160 160 162
 143 154 156 156 157 159 108  72 107 110 157 158 161 160 161 157
 144 154 156 157 158 158  95  81  99 105 155 159 160 160 163 158
 148 155 156 159 158 159 107  96  96  99 156 159 160 162 162 163
 150 156 157 157 158 157 146 115 133 114 157 159 160 162 161 162
 151 157 157 159 158 158 127  97 111 105 160 160 161 163 163 160
 152 156 157 158 160 159 100 109 107 130 160 161 161 163 164 156
 153 157 158 159 159 160  88 110 113 101 150 160 161 163 164 162
 154 157 159 158 160 161  95 158 159 110 155 160 160 162 163 162
 154 156 159 159 159 161 130  97  80 116 161 161 161 162 166 163
 155 157 159 160 160 159 119 131 106 117 162 161 162 163 164 159
 156 157 160 159 160 152 120 141 101 113 161 163 162 163 164 159
 157 159 159 159 159 155 109  94 134  91 161 163 164 163 165 167
 158 159 160 159 161 161 151 154 159 158 161 163 163 162 164 163
 154 150 145 156 155 154 144 137 134 137 148 153 150 145 141 138
 156 156 156 158 159 159  96 108  77  80 160 160 162 163 164 166
 154 157 158 158 160 160 101 159 121 122 158 160 163 163 164 164
 146 155 158 160 161 161 110  75 113 112 159 161 164 163 164 162
 148 158 159 160 162 159  98  87 104 108 157 162 163 165 165 161
 150 158 160 159 161 161 113 103 100 102 160 163 163 163 165 166
 151 158 159 161 160 159 148 118 135 114 159 161 163 165 166 164
 154 158 159 162 160 160 129  97 110 106 160 161 165 165 166 164
 155 159 160 161 161 160 104 114 110 133 162 164 163 166 168 161
 155 157 159 162 160 160  93 117 117 105 152 164 164 166 168 164
 156 159 160 161 161 161  97 159 160 111 156 162 162 165 165 165
 156 158 159 160 161 160 132  98  84 120 161 162 163 163 166 164
 157 160 160 160 160 160 122 135 108 116 160 162 165 165 166 161
 157 159 160 161 161 154 123 143 102 116 162 163 165 166 169 162
 158 159 160 162 160 156 111  97 137  94 163 165 165 164 167 169
 158 159 161 161 161 160 153 157 160 160 163 165 164 163 164 164

