 225 225 225 225 225 225 225 225 225 225 225 225 225 225 225 225
 250 191 191 213 191 191 223 255 239 213 255 221 238 255 213 255
 238  77 191 213  77 191  86 245 133  58 255 119 104 255  90 255
 238  51 128 204  51 128  83 248  95 136 207 119 131 204  90 255
 238 102 255 255 102 255  83 186  42  64 103 119 247  83  90 255
 242 140 255 255 140 255 136 145 215 255 119 153 255 179 131 255
 255 255 255 255 255 255 255 255 255 255 255 255 255 255 255 255
 255 255 255 255 255 255 255 255 255 255 255 255 255 255 255 255
 255 255 255 146 116 130 207  64  64 112 255 255 255 255 255 255
 255 255 205 129 255 184 161 128 255 255 255 255 255 255 255 255
 250 128 104 189 255 255 191  64 128 183 255 255 255 255 255 255
 255 255 227  90 255 100 154 128 255 255 255 255 255 255 255 255
 255 255 255 182 128 184 223 128 128 159 255 255 255 255 255 255
 255 255 255 255 255 255 255 255 255 255 255 255 255 255 255 255
 255 255 255 255 255 255 255 255 255 255 255 255 255 255 255 255
 255 255 255 255 255 255 255 255 255 255 255 255 255 255 255 255
 225 225 225 225 225 225 225 225 225 225 225 225 225 225 225 225
 250 191 191 213 191 191 223 255 239 213 255 221 238 255 213 255
 238  77 191 213  77 191  86 245 133  58 255 119 104 255  90 255
 238  51 128 204  51 128  83 248  95 136 207 119 131 204  90 255
 238 102 255 255 102 255  83 186  42  64 103 119 247  83  90 255
 242 140 255 255 140 255 136 145 215 255 119 153 255 179 131 255
 255 255 255 255 255 255 255 255 255 255 255 255 255 255 255 255
 255 255 255 255 255 255 255 255 255 255 255 255 255 255 255 255
 255 255 255 146 116 130 207  64  64 112 255 255 255 255 255 255
 255 255 205 129 255 184 161 128 255 255 255 255 255 255 255 255
 250 128 104 189 255 255 191  64 128 183 255 255 255 255 255 255
 255 255 227  90 255 100 154 128 255 255 255 255 255 255 255 255
 255 255 255 182 128 184 223 128 128 159 255 255 255 255 255 255
 255 255 255 255 255 255 255 255 255 255 255 255 255 255 255 255
 255 255 255 255 255 255 255 255 255 255 255 255 255 255 255 255
 255 255 255 255 255 255 255 255 255 255 255 255 255 255 255 255
 225 225 225 225 225 225 225 225 225 225 225 225 225 225 225 225
 250 191 191 213 191 191 223 255 239 213 255 221 238 255 213 255
 238  77 191 213  77 191  86 245 133  58 255 119 104 255  90 255
 238  51 128 204  51 128  83 248  95 136 207 119 131 204  90 255
 238 102 255 255 102 255  83 186  42  64 103 119 247  83  90 255
 242 140 255 255 140 255 136 145 215 255 119 153 255 179 131 255
 255 255 255 255 255 255 255 255 255 255 255 255 255 255 255 255
 255 255 255 255 255 255 255 255 255 255 255 255 255 255 255 255
 255 255 255 146 116 130 207  64  64 112 255 255 255 255 255 255
 255 255 205 129 255 184 161 128 255 255 255 255 255 255 255 255
 250 128 104 189 255 255 191  64 128 183 255 255 255 255 255 255
 255 255 227  90 255 100 154 128 255 255 255 255 255 255 255 255
 255 255 255 182 128 184 223 128 128 159 255 255 255 255 255 255
 255 255 255 255 255 255 255 255 255 255 255 255 255 255 255 255
 255 255 255 255 255 255 255 255 255 255 255 255 255 255 255 255
 255 255 255 255 255 255 255 255 255 255 255 255 255 255 255 255

 225 255 255 255 255 255 255 255 255 255 255 255 255 255 255 255
 225 213  90  90  90 131 255 255 255 255 255 255 255 255 255 255
 225 255 255 204  83 179 255 255 255 255 255 255 255 255 255 255
 225 238 104 131 247 255 255 255 255 255 255 255 255 255 255 255
 225 221 119 119 119 153 255 255 255 255 255 255 255 255 255 255
 225 255 255 207 103 119 255 255 255 255 255 255 255 255 255 255
 225 213  58 136  64 255 255 255 112 255 183 255 159 255 255 255
 225 239 133  95  42 215 255 255  64 255 128 255 128 255 255 255
 225 255 245 248 186 145 255 255  64 128  64 128 128 255 255 255
 225 223  86  83  83 136 255 255 207 161 191 154 223 255 255 255
 225 191 191 128 255 255 255 255 130 184 255 100 184 255 255 255
 225 191  77  51 102 140 255 255 116 255 255 255 128 255 255 255
 225 213 213 204 255 255 255 255 146 129 189  90 182 255 255 255
 225 191 191 128 255 255 255 255 255 205 104 227 255 255 255 255
 225 191  77  51 102 140 255 255 255 255 128 255 255 255 255 255
 225 250 238 238 238 242 255 255 255 255 250 255 255 255 255 255
 225 255 255 255 255 255 255 255 255 255 255 255 255 255 255 255
 225 213  90  90  90 131 255 255 255 255 255 255 255 255 255 255
 225 255 255 204  83 179 255 255 255 255 255 255 255 255 255 255
 225 238 104 131 247 255 255 255 255 255 255 255 255 255 255 255
 225 221 119 119 119 153 255 255 255 255 255 255 255 255 255 255
 225 255 255 207 103 119 255 255 255 255 255 255 255 255 255 255
 225 213  58 136  64 255 255 255 112 255 183 255 159 255 255 255
 225 239 133  95  42 215 255 255  64 255 128 255 128 255 255 255
 225 255 245 248 186 145 255 255  64 128  64 128 128 255 255 255
 225 223  86  83  83 136 255 255 207 161 191 154 223 255 255 255
 225 191 191 128 255 255 255 255 130 184 255 100 184 255 255 255
 225 191  77  51 102 140 255 255 116 255 255 255 128 255 255 255
 225 213 213 204 255 255 255 255 146 129 189  90 182 255 255 255
 225 191 191 128 255 255 255 255 255 205 104 227 255 255 255 255
 225 191  77  51 102 140 255 255 255 255 128 255 255 255 255 255
 225 250 238 238 238 242 255 255 255 255 250 255 255 255 255 255
 225 255 255 255 255 255 255 255 255 255 255 255 255 255 255 255
 225 213  90  90  90 131 255 255 255 255 255 255 255 255 255 255
 225 255 255 204  83 179 255 255 255 255 255 255 255 255 255 255
 225 238 104 131 247 255 255 255 255 255 255 255 255 255 255 255
 225 221 119 119 119 153 255 255 255 255 255 255 255 255 255 255
 225 255 255 207 103 119 255 255 255 255 255 255 255 255 255 255
 225 213  58 136  64 255 255 255 112 255 183 255 159 255 255 255
 225 239 133  95  42 215 255 255  64 255 128 255 128 255 255 255
 225 255 245 248 186 145 255 255  64 128  64 128 128 255 255 255
 225 223  86  83  83 136 255 255 207 161 191 154 223 255 255 255
 225 191 191 128 255 255 255 255 130 184 255 100 184 255 255 255
 225 191  77  51 102 140 255 255 116 255 255 255 128 255 255 255
 225 213 213 204 255 255 255 255 146 129 189  90 182 255 255 255
 225 191 191 128 255 255 255 255 255 205 104 227 255 255 255 255
 225 191  77  51 102 140 255 255 255 255 128 255 255 255 255 255
 225 250 238 238 238 242 255 255 255 255 250 255 255 255 255 255

 255 255 255 255 255 255 255 255 255 255 255 255 255 255 255 255
 255 255 255 255 255 255 255 255 255 255 255 255 255 255 255 255
 255 255 255 255 255 255 255 255 255 255 255 255 255 255 255 255
 255 255 255 255 255 255 159 128 128 223 184 128 182 255 255 255
 255 255 255 255 255 255 255 255 128 154 100 255  90 227 255 255
 255 255 255 255 255 255 183 128  64 191 255 255 189 104 128 250
 255 255 255 255 255 255 255 255 128 161 184 255 129 205 255 255
 255 255 255 255 255 255 112  64  64 207 130 116 146 255 255 255
 255 255 255 255 255 255 255 255 255 255 255 255 255 255 255 255
 255 255 255 255 255 255 255 255 255 255 255 255 255 255 255 255
 255 131 179 255 153 119 255 215 145 136 255 140 255 255 140 242
 255  90  83 247 119 103  64  42 186  83 255 102 255 255 102 238
 255  90 204 131 119 207 136  95 248  83 128  51 204 128  51 238
 255  90 255 104 119 255  58 133 245  86 191  77 213 191  77 238
 255 213 255 238 221 255 213 239 255 223 191 191 213 191 191 250
 225 225 225 225 225 225 225 225 225 225 225 225 225 225 225 225
 255 255 255 255 255 255 255 255 255 255 255 255 255 255 255 255
 255 255 255 255 255 255 255 255 255 255 255 255 255 255 255 255
 255 255 255 255 255 255 255 255 255 255 255 255 255 255 255 255
 255 255 255 255 255 255 159 128 128 223 184 128 182 255 255 255
 255 255 255 255 255 255 255 255 128 154 100 255  90 227 255 255
 255 255 255 255 255 255 183 128  64 191 255 255 189 104 128 250
 255 255 255 255 255 255 255 255 128 161 184 255 129 205 255 255
 255 255 255 255 255 255 112  64  64 207 130 116 146 255 255 255
 255 255 255 255 255 255 255 255 255 255 255 255 255 255 255 255
 255 255 255 255 255 255 255 255 255 255 255 255 255 255 255 255
 255 131 179 255 153 119 255 215 145 136 255 140 255 255 140 242
 255  90  83 247 119 103  64  42 186  83 255 102 255 255 102 238
 255  90 204 131 119 207 136  95 248  83 128  51 204 128  51 238
 255  90 255 104 119 255  58 133 245  86 191  77 213 191  77 238
 255 213 255 238 221 255 213 239 255 223 191 191 213 191 191 250
 225 225 225 225 225 225 225 225 225 225 225 225 225 225 225 225
 255 255 255 255 255 255 255 255 255 255 255 255 255 255 255 255
 255 255 255 255 255 255 255 255 255 255 255 255 255 255 255 255
 255 255 255 255 255 255 255 255 255 255 255 255 255 255 255 255
 255 255 255 255 255 255 159 128 128 223 184 128 182 255 255 255
 255 255 255 255 255 255 255 255 128 154 100 255  90 227 255 255
 255 255 255 255 255 255 183 128  64 191 255 255 189 104 128 250
 255 255 255 255 255 255 255 255 128 161 184 255 129 205 255 255
 255 255 255 255 255 255 112  64  64 207 130 116 146 255 255 255
 255 255 255 255 255 255 255 255 255 255 255 255 255 255 255 255
 255 255 255 255 255 255 255 255 255 255 255 255 255 255 255 255
 255 131 179 255 153 119 255 215 145 136 255 140 255 255 140 242
 255  90  83 247 119 103  64  42 186  83 255 102 255 255 102 238
 255  90 204 131 119 207 136  95 248  83 128  51 204 128  51 238
 255  90 255 104 119 255  58 133 245  86 191  77 213 191  77 238
 255 213 255 238 221 255 213 239 255 223 191 191 213 191 191 250
 225 225 225 225 225 225 225 225 225 225 225 225 225 225 225 225

 255 255 255 255 255 250 255 255 255 255 242 238 238 238 250 225
 255 255 255 255 255 128 255 255 255 255 140 102  51  77 191 225
 255 255 255 255 227 104 205 255 255 255 255 255 128 191 191 225
 255 255 255 182  90 189 129 146 255 255 255 255 204 213 213 225
 255 255 255 128 255 255 255 116 255 255 140 102  51  77 191 225
 255 255 255 184 100 255 184 130 255 255 255 255 128 191 191 225
 255 255 255 223 154 191 161 207 255 255 136  83  83  86 223 225
 255 255 255 128 128  64 128  64 255 255 145 186 248 245 255 225
 255 255 255 128 255 128 255  64 255 255 215  42  95 133 239 225
 255 255 255 159 255 183 255 112 255 255 255  64 136  58 213 225
 255 255 255 255 255 255 255 255 255 255 119 103 207 255 255 225
 255 255 255 255 255 255 255 255 255 255 153 119 119 119 221 225
 255 255 255 255 255 255 255 255 255 255 255 247 131 104 238 225
 255 255 255 255 255 255 255 255 255 255 179  83 204 255 255 225
 255 255 255 255 255 255 255 255 255 255 131  90  90  90 213 225
 255 255 255 255 255 255 255 255 255 255 255 255 255 255 255 225
 255 255 255 255 255 250 255 255 255 255 242 238 238 238 250 225
 255 255 255 255 255 128 255 255 255 255 140 102  51  77 191 225
 255 255 255 255 227 104 205 255 255 255 255 255 128 191 191 225
 255 255 255 182  90 189 129 146 255 255 255 255 204 213 213 225
 255 255 255 128 255 255 255 116 255 255 140 102  51  77 191 225
 255 255 255 184 100 255 184 130 255 255 255 255 128 191 191 225
 255 255 255 223 154 191 161 207 255 255 136  83  83  86 223 225
 255 255 255 128 128  64 128  64 255 255 145 186 248 245 255 225
 255 255 255 128 255 128 255  64 255 255 215  42  95 133 239 225
 255 255 255 159 255 183 255 112 255 255 255  64 136  58 213 225
 255 255 255 255 255 255 255 255 255 255 119 103 207 255 255 225
 255 255 255 255 255 255 255 255 255 255 153 119 119 119 221 225
 255 255 255 255 255 255 255 255 255 255 255 247 131 104 238 225
 255 255 255 255 255 255 255 255 255 255 179  83 204 255 255 225
 255 255 255 255 255 255 255 255 255 255 131  90  90  90 213 225
 255 255 255 255 255 255 255 255 255 255 255 255 255 255 255 225
 255 255 255 255 255 250 255 255 255 255 242 238 238 238 250 225
 255 255 255 255 255 128 255 255 255 255 140 102  51  77 191 225
 255 255 255 255 227 104 205 255 255 255 255 255 128 191 191 225
 255 255 255 182  90 189 129 146 255 255 255 255 204 213 213 225
 255 255 255 128 255 255 255 116 255 255 140 102  51  77 191 225
 255 255 255 184 100 255 184 130 255 255 255 255 128 191 191 225
 255 255 255 223 154 191 161 207 255 255 136  83  83  86 223 225
 255 255 255 128 128  64 128  64 255 255 145 186 248 245 255 225
 255 255 255 128 255 128 255  64 255 255 215  42  95 133 239 225
 255 255 255 159 255 183 255 112 255 255 255  64 136  58 213 225
 255 255 255 255 255 255 255 255 255 255 119 103 207 255 255 225
 255 255 255 255 255 255 255 255 255 255 153 119 119 119 221 225
 255 255 255 255 255 255 255 255 255 255 255 247 131 104 238 225
 255 255 255 255 255 255 255 255 255 255 179  83 204 255 255 225
 255 255 255 255 255 255 255 255 255 255 131  90  90  90 213 225
 255 255 255 255 255 255 255 255 255 255 255 255 255 255 255 225

