 225 225 225 225 225 225 225 225 225 225 225 225 225 225 225 225
 255 255 223 136 201 255 255 255 255 255 255 255 255 255 255 255
 255 245  84 191  97 196 245 210 255 240 212 255 255 255 255 255
 255 192 169 223 184 208 100 109 147  82 159 255 255 255 255 255
 255 202 153 223 141 128  61 128 164 128 255 128 172 255 255 255
 255 255  82 128  97 128  91 107 157 128 255 255 255 255 255 255
 255 255 255 255 255 255 255 255 255 255 255 255 255 255 255 255
 255 255 255 255 255 255 255 255 255 255 255 255 255 255 255 255
 255 255 255 255 255 255 255 255 255 255 255 255 255 255 255 255
 255 231 180 181 167 206 240 136 218 208 189 177 211 255 210 254
 255 191 114  89 146  59 186 171  92 128 152  84 152 195  70 255
 255 191 174 128 208  64 147 142 109 128 246 111 231  56 138 255
 255 207 194 159 220 112 145 117 100 128 248 147 255  80 230 255
 255 255 255 255 255 255 255 255 255 255 255 255 206  93 255 255
 255 255 255 255 255 255 255 255 255 255 255 255 255 255 255 255
 255 255 255 255 255 255 255 255 255 255 255 255 255 255 255 255
 225 225 225 225 225 225 225 225 225 225 225 225 225 225 225 225
 255 255 223 136 201 255 255 255 255 255 255 255 255 255 255 255
 255 245  84 191  97 196 245 210 255 240 212 255 255 255 255 255
 255 192 169 223 184 208 100 109 147  82 159 255 255 255 255 255
 255 202 153 223 141 128  61 128 164 128 255 128 172 255 255 255
 255 255  82 128  97 128  91 107 157 128 255 255 255 255 255 255
 255 255 255 255 255 255 255 255 255 255 255 255 255 255 255 255
 255 255 255 255 255 255 255 255 255 255 255 255 255 255 255 255
 255 255 255 255 255 255 255 255 255 255 255 255 255 255 255 255
 255 231 180 181 167 206 240 136 218 208 189 177 211 255 210 254
 255 191 114  89 146  59 186 171  92 128 152  84 152 195  70 255
 255 191 174 128 208  64 147 142 109 128 246 111 231  56 138 255
 255 207 194 159 220 112 145 117 100 128 248 147 255  80 230 255
 255 255 255 255 255 255 255 255 255 255 255 255 206  93 255 255
 255 255 255 255 255 255 255 255 255 255 255 255 255 255 255 255
 255 255 255 255 255 255 255 255 255 255 255 255 255 255 255 255
 225 225 225 225 225 225 225 225 225 225 225 225 225 225 225 225
 255 255 223 136 201 255 255 255 255 255 255 255 255 255 255 255
 255 245  84 191  97 196 245 210 255 240 212 255 255 255 255 255
 255 192 169 223 184 208 100 109 147  82 159 255 255 255 255 255
 255 202 153 223 141 128  61 128 164 128 255 128 172 255 255 255
 255 255  82 128  97 128  91 107 157 128 255 255 255 255 255 255
 255 255 255 255 255 255 255 255 255 255 255 255 255 255 255 255
 255 255 255 255 255 255 255 255 255 255 255 255 255 255 255 255
 255 255 255 255 255 255 255 255 255 255 255 255 255 255 255 255
 255 231 180 181 167 206 240 136 218 208 189 177 211 255 210 254
 255 191 114  89 146  59 186 171  92 128 152  84 152 195  70 255
 255 191 174 128 208  64 147 142 109 128 246 111 231  56 138 255
 255 207 194 159 220 112 145 117 100 128 248 147 255  80 230 255
 255 255 255 255 255 255 255 255 255 255 255 255 206  93 255 255
 255 255 255 255 255 255 255 255 255 255 255 255 255 255 255 255
 255 255 255 255 255 255 255 255 255 255 255 255 255 255 255 255

 225 255 255 255 255 255 255 255 255 254 255 255 255 255 255 255
 225 255 255 255 255 255 255 255 255 210  70 138 230 255 255 255
 225 255 255 255 255 255 255 255 255 255 195  56  80  93 255 255
 225 255 255 255 172 255 255 255 255 211 152 231 255 206 255 255
 225 255 255 255 128 255 255 255 255 177  84 111 147 255 255 255
 225 255 212 159 255 255 255 255 255 189 152 246 248 255 255 255
 225 255 240  82 128 128 255 255 255 208 128 128 128 255 255 255
 225 255 255 147 164 157 255 255 255 218  92 109 100 255 255 255
 225 255 210 109 128 107 255 255 255 136 171 142 117 255 255 255
 225 255 245 100  61  91 255 255 255 240 186 147 145 255 255 255
 225 255 196 208 128 128 255 255 255 206  59  64 112 255 255 255
 225 201  97 184 141  97 255 255 255 167 146 208 220 255 255 255
 225 136 191 223 223 128 255 255 255 181  89 128 159 255 255 255
 225 223  84 169 153  82 255 255 255 180 114 174 194 255 255 255
 225 255 245 192 202 255 255 255 255 231 191 191 207 255 255 255
 225 255 255 255 255 255 255 255 255 255 255 255 255 255 255 255
 225 255 255 255 255 255 255 255 255 254 255 255 255 255 255 255
 225 255 255 255 255 255 255 255 255 210  70 138 230 255 255 255
 225 255 255 255 255 255 255 255 255 255 195  56  80  93 255 255
 225 255 255 255 172 255 255 255 255 211 152 231 255 206 255 255
 225 255 255 255 128 255 255 255 255 177  84 111 147 255 255 255
 225 255 212 159 255 255 255 255 255 189 152 246 248 255 255 255
 225 255 240  82 128 128 255 255 255 208 128 128 128 255 255 255
 225 255 255 147 164 157 255 255 255 218  92 109 100 255 255 255
 225 255 210 109 128 107 255 255 255 136 171 142 117 255 255 255
 225 255 245 100  61  91 255 255 255 240 186 147 145 255 255 255
 225 255 196 208 128 128 255 255 255 206  59  64 112 255 255 255
 225 201  97 184 141  97 255 255 255 167 146 208 220 255 255 255
 225 136 191 223 223 128 255 255 255 181  89 128 159 255 255 255
 225 223  84 169 153  82 255 255 255 180 114 174 194 255 255 255
 225 255 245 192 202 255 255 255 255 231 191 191 207 255 255 255
 225 255 255 255 255 255 255 255 255 255 255 255 255 255 255 255
 225 255 255 255 255 255 255 255 255 254 255 255 255 255 255 255
 225 255 255 255 255 255 255 255 255 210  70 138 230 255 255 255
 225 255 255 255 255 255 255 255 255 255 195  56  80  93 255 255
 225 255 255 255 172 255 255 255 255 211 152 231 255 206 255 255
 225 255 255 255 128 255 255 255 255 177  84 111 147 255 255 255
 225 255 212 159 255 255 255 255 255 189 152 246 248 255 255 255
 225 255 240  82 128 128 255 255 255 208 128 128 128 255 255 255
 225 255 255 147 164 157 255 255 255 218  92 109 100 255 255 255
 225 255 210 109 128 107 255 255 255 136 171 142 117 255 255 255
 225 255 245 100  61  91 255 255 255 240 186 147 145 255 255 255
 225 255 196 208 128 128 255 255 255 206  59  64 112 255 255 255
 225 201  97 184 141  97 255 255 255 167 146 208 220 255 255 255
 225 136 191 223 223 128 255 255 255 181  89 128 159 255 255 255
 225 223  84 169 153  82 255 255 255 180 114 174 194 255 255 255
 225 255 245 192 202 255 255 255 255 231 191 191 207 255 255 255
 225 255 255 255 255 255 255 255 255 255 255 255 255 255 255 255

 255 255 255 255 255 255 255 255 255 255 255 255 255 255 255 255
 255 255 255 255 255 255 255 255 255 255 255 255 255 255 255 255
 255 255  93 206 255 255 255 255 255 255 255 255 255 255 255 255
 255 230  80 255 147 248 128 100 117 145 112 220 159 194 207 255
 255 138  56 231 111 246 128 109 142 147  64 208 128 174 191 255
 255  70 195 152  84 152 128  92 171 186  59 146  89 114 191 255
 254 210 255 211 177 189 208 218 136 240 206 167 181 180 231 255
 255 255 255 255 255 255 255 255 255 255 255 255 255 255 255 255
 255 255 255 255 255 255 255 255 255 255 255 255 255 255 255 255
 255 255 255 255 255 255 255 255 255 255 255 255 255 255 255 255
 255 255 255 255 255 255 128 157 107  91 128  97 128  82 255 255
 255 255 255 172 128 255 128 164 128  61 128 141 223 153 202 255
 255 255 255 255 255 159  82 147 109 100 208 184 223 169 192 255
 255 255 255 255 255 212 240 255 210 245 196  97 191  84 245 255
 255 255 255 255 255 255 255 255 255 255 255 201 136 223 255 255
 225 225 225 225 225 225 225 225 225 225 225 225 225 225 225 225
 255 255 255 255 255 255 255 255 255 255 255 255 255 255 255 255
 255 255 255 255 255 255 255 255 255 255 255 255 255 255 255 255
 255 255  93 206 255 255 255 255 255 255 255 255 255 255 255 255
 255 230  80 255 147 248 128 100 117 145 112 220 159 194 207 255
 255 138  56 231 111 246 128 109 142 147  64 208 128 174 191 255
 255  70 195 152  84 152 128  92 171 186  59 146  89 114 191 255
 254 210 255 211 177 189 208 218 136 240 206 167 181 180 231 255
 255 255 255 255 255 255 255 255 255 255 255 255 255 255 255 255
 255 255 255 255 255 255 255 255 255 255 255 255 255 255 255 255
 255 255 255 255 255 255 255 255 255 255 255 255 255 255 255 255
 255 255 255 255 255 255 128 157 107  91 128  97 128  82 255 255
 255 255 255 172 128 255 128 164 128  61 128 141 223 153 202 255
 255 255 255 255 255 159  82 147 109 100 208 184 223 169 192 255
 255 255 255 255 255 212 240 255 210 245 196  97 191  84 245 255
 255 255 255 255 255 255 255 255 255 255 255 201 136 223 255 255
 225 225 225 225 225 225 225 225 225 225 225 225 225 225 225 225
 255 255 255 255 255 255 255 255 255 255 255 255 255 255 255 255
 255 255 255 255 255 255 255 255 255 255 255 255 255 255 255 255
 255 255  93 206 255 255 255 255 255 255 255 255 255 255 255 255
 255 230  80 255 147 248 128 100 117 145 112 220 159 194 207 255
 255 138  56 231 111 246 128 109 142 147  64 208 128 174 191 255
 255  70 195 152  84 152 128  92 171 186  59 146  89 114 191 255
 254 210 255 211 177 189 208 218 136 240 206 167 181 180 231 255
 255 255 255 255 255 255 255 255 255 255 255 255 255 255 255 255
 255 255 255 255 255 255 255 255 255 255 255 255 255 255 255 255
 255 255 255 255 255 255 255 255 255 255 255 255 255 255 255 255
 255 255 255 255 255 255 128 157 107  91 128  97 128  82 255 255
 255 255 255 172 128 255 128 164 128  61 128 141 223 153 202 255
 255 255 255 255 255 159  82 147 109 100 208 184 223 169 192 255
 255 255 255 255 255 212 240 255 210 245 196  97 191  84 245 255
 255 255 255 255 255 255 255 255 255 255 255 201 136 223 255 255
 225 225 225 225 225 225 225 225 225 225 225 225 225 225 225 225

 255 255 255 255 255 255 255 255 255 255 255 255 255 255 255 225
 255 255 255 207 191 191 231 255 255 255 255 202 192 245 255 225
 255 255 255 194 174 114 180 255 255 255  82 153 169  84 223 225
 255 255 255 159 128  89 181 255 255 255 128 223 223 191 136 225
 255 255 255 220 208 146 167 255 255 255  97 141 184  97 201 225
 255 255 255 112  64  59 206 255 255 255 128 128 208 196 255 225
 255 255 255 145 147 186 240 255 255 255  91  61 100 245 255 225
 255 255 255 117 142 171 136 255 255 255 107 128 109 210 255 225
 255 255 255 100 109  92 218 255 255 255 157 164 147 255 255 225
 255 255 255 128 128 128 208 255 255 255 128 128  82 240 255 225
 255 255 255 248 246 152 189 255 255 255 255 255 159 212 255 225
 255 255 255 147 111  84 177 255 255 255 255 128 255 255 255 225
 255 255 206 255 231 152 211 255 255 255 255 172 255 255 255 225
 255 255  93  80  56 195 255 255 255 255 255 255 255 255 255 225
 255 255 255 230 138  70 210 255 255 255 255 255 255 255 255 225
 255 255 255 255 255 255 254 255 255 255 255 255 255 255 255 225
 255 255 255 255 255 255 255 255 255 255 255 255 255 255 255 225
 255 255 255 207 191 191 231 255 255 255 255 202 192 245 255 225
 255 255 255 194 174 114 180 255 255 255  82 153 169  84 223 225
 255 255 255 159 128  89 181 255 255 255 128 223 223 191 136 225
 255 255 255 220 208 146 167 255 255 255  97 141 184  97 201 225
 255 255 255 112  64  59 206 255 255 255 128 128 208 196 255 225
 255 255 255 145 147 186 240 255 255 255  91  61 100 245 255 225
 255 255 255 117 142 171 136 255 255 255 107 128 109 210 255 225
 255 255 255 100 109  92 218 255 255 255 157 164 147 255 255 225
 255 255 255 128 128 128 208 255 255 255 128 128  82 240 255 225
 255 255 255 248 246 152 189 255 255 255 255 255 159 212 255 225
 255 255 255 147 111  84 177 255 255 255 255 128 255 255 255 225
 255 255 206 255 231 152 211 255 255 255 255 172 255 255 255 225
 255 255  93  80  56 195 255 255 255 255 255 255 255 255 255 225
 255 255 255 230 138  70 210 255 255 255 255 255 255 255 255 225
 255 255 255 255 255 255 254 255 255 255 255 255 255 255 255 225
 255 255 255 255 255 255 255 255 255 255 255 255 255 255 255 225
 255 255 255 207 191 191 231 255 255 255 255 202 192 245 255 225
 255 255 255 194 174 114 180 255 255 255  82 153 169  84 223 225
 255 255 255 159 128  89 181 255 255 255 128 223 223 191 136 225
 255 255 255 220 208 146 167 255 255 255  97 141 184  97 201 225
 255 255 255 112  64  59 206 255 255 255 128 128 208 196 255 225
 255 255 255 145 147 186 240 255 255 255  91  61 100 245 255 225
 255 255 255 117 142 171 136 255 255 255 107 128 109 210 255 225
 255 255 255 100 109  92 218 255 255 255 157 164 147 255 255 225
 255 255 255 128 128 128 208 255 255 255 128 128  82 240 255 225
 255 255 255 248 246 152 189 255 255 255 255 255 159 212 255 225
 255 255 255 147 111  84 177 255 255 255 255 128 255 255 255 225
 255 255 206 255 231 152 211 255 255 255 255 172 255 255 255 225
 255 255  93  80  56 195 255 255 255 255 255 255 255 255 255 225
 255 255 255 230 138  70 210 255 255 255 255 255 255 255 255 225
 255 255 255 255 255 255 254 255 255 255 255 255 255 255 255 225

